version 3
run LowArrivalRate-2-20231107-16:02:56-12131
attr configname LowArrivalRate
attr datetime 20231107-16:02:56
attr datetimef 20231107-160256
attr experiment LowArrivalRate
attr inifile omnetpp.ini
attr iterationvars $0=9123
attr iterationvarsd 9123
attr iterationvarsf 9123-
attr measurement $0=9123
attr network fifonet
attr processid 12131
attr repetition 0
attr replication #0
attr resultdir results
attr runnumber 2
attr seedset 9123
config description "low job arrival rate = 0.1 load"
config seed-set 9123
config **.gen.sendIaTime exponential(1s)
config **.gen.serviceTime exponential(0.1s)
config output-vector-file fifo-r1.vec
config network fifonet
config sim-time-limit 2000s
config cpu-time-limit 300s
config cmdenv-express-mode true
config cmdenv-interactive true

vector 0 fifonet.FIFONet.sink "queueing time vector" ETV
0	4	0.05804463708	0.05804463708
0	8	1.064229298922	0.034643974644
0	12	1.563294179467	0.097829117241
0	16	1.745551148012	0.070598162411
0	20	2.684105723741	0.112062615549
0	24	3.189893101921	0.015627392169
0	28	6.518886029825	0.055478312543
0	32	6.962844881296	0.027329599944
0	36	7.997612323147	0.06717530638
0	42	8.660560393447	0.201842516269
0	44	8.822226616511	0.325315331451
0	48	9.648569356349	0.08202013965
0	52	10.059310096619	0.109620436215
0	56	11.697464077576	0.044327171614
0	60	13.320071692021	0.091892925796
0	66	14.995834276164	0.170370362701
0	68	15.213915341217	0.240499882513
0	72	16.395068271452	0.074317763929
0	76	17.02606467915	0.008213143681
0	80	18.212110951032	0.01649303827
0	84	19.514005386927	0.077015049312
0	90	20.621832565702	0.539478024157
0	92	20.622844379217	0.169850070847
0	96	22.804042043827	0.043642245962
0	100	23.101809086999	0.040028304312
0	104	28.846415732699	0.098020937185
0	108	29.732290671913	0.073955228087
0	112	29.779552516152	0.021730570265
0	116	30.91086966342	0.174027985504
0	120	31.826600565738	0.047368066056
0	126	31.989261663817	0.036761440064
0	128	32.065656221825	0.077077864627
0	132	33.151056661361	0.286734469743
0	136	36.951852939452	0.113976705698
0	140	37.811217478111	0.016394253171
0	146	38.98631845382	0.063525035708
0	148	39.138059983291	0.197472439351
0	152	39.844447896042	0.027970778325
0	156	40.199287527675	0.159832056733
0	160	40.900542575273	0.11866503037
0	166	41.995010610833	0.030541034749
0	168	42.056788841165	0.07789495704
0	172	43.522903733774	0.046750733186
0	176	44.886445513588	0.058058278515
0	180	45.59728144681	0.20950944317
0	184	46.294233869059	0.04472205886
0	188	48.924870417693	0.145631364999
0	192	49.065267495006	0.032553229158
0	196	50.186381866577	0.000993953837
0	200	51.070214012273	0.003185692794
0	204	51.554549742112	0.255378192982
0	208	51.737973577168	0.049383591383
0	212	52.723310803715	0.016110768646
0	216	53.698671391932	0.033472950376
0	220	55.177157220495	0.02152091255
0	224	55.96553031442	0.150721408542
0	228	56.17490655918	0.028276691273
0	232	56.63468024216	0.067262235157
0	236	56.811392047855	0.021072805212
0	240	57.347576092544	0.039599157844
0	244	62.243787232022	0.066004776296
0	248	62.278413747573	0.014001643098
0	252	63.505979240477	0.065330751213
0	256	64.471510893298	0.048766669577
0	260	65.050034831804	0.03643698056
0	264	66.371190671492	0.005577930185
0	268	66.888501178191	0.030830087246
0	272	67.651132187354	0.150235497172
0	276	68.355119029734	0.003231695017
0	280	68.403339273323	0.005373556257
0	284	68.989821513161	0.179060936074
0	292	70.809932482312	0.404656897223
0	294	70.948712831806	0.489612069525
0	298	71.122634473029	0.623658143604
0	300	71.295301081744	0.180424895034
0	304	72.053068125329	0.00775414504
0	308	72.753371790192	0.273102172194
0	312	73.799139804527	0.012689614826
0	316	74.441755087801	0.069224040725
0	320	74.960531634055	0.291719644236
0	324	75.265817981788	0.021112971816
0	328	76.931965411811	0.023223958399
0	332	77.267063577459	0.085758432718
0	342	77.577337996808	0.073991983862
0	344	77.671218471092	0.123108521777
0	346	77.783104933316	0.229066470581
0	348	77.956386426127	0.402034886394
0	352	78.203249313918	0.029687797462
0	356	78.49770651196	0.060300221657
0	360	79.810255444263	0.044815471518
0	364	79.920938112919	0.006985527008
0	368	80.469971294825	0.311275000631
0	372	81.173172878126	0.094314648619
0	376	81.271685855167	0.069497754471
0	380	81.664702488522	0.044174930729
0	384	81.916122125034	0.112132424934
0	388	82.322337602741	0.300283670239
0	392	82.621207275303	0.234685181182
0	398	83.714535238208	0.239368215508
0	402	83.817159258702	0.165093098992
0	404	84.005739171801	0.202950431986
0	408	86.104031346997	0.025027258547
0	412	86.459790822992	0.033282508025
0	416	86.755838578979	0.142436394348
0	420	90.372671820709	0.070806858269
0	424	92.812496100371	0.181222441484
0	428	92.925860967639	0.04094108838
0	432	93.709291580961	0.073062891526
0	436	95.549394676259	0.011925391045
0	440	97.325833671852	0.037022396666
0	444	98.612026787371	0.293983844984
0	448	99.045708584415	0.30156294326
0	452	103.147834422706	0.145377426647
0	456	103.361097653304	0.127082550898
0	460	104.856904628843	0.108484707996
0	466	107.228031159541	0.309742948748
0	468	107.283722296673	0.222290437774
0	472	107.386652903929	0.035381981324
0	476	108.673349259226	0.082869915055
0	480	109.856877958286	0.055282772099
0	484	111.016192775236	0.139169769755
0	488	112.062297743523	0.002805345864
0	492	114.27974644187	0.028478543756
0	496	114.781738791755	0.141126283267
0	500	116.249466589382	0.177817152333
0	504	116.552279579317	0.169978701801
0	508	117.717438023907	0.001113505799
0	512	117.921811192322	0.031574104711
0	516	121.747471904322	0.031022004915
0	520	122.082521309334	0.130153354008
0	524	122.377864571131	0.252350610393
0	528	122.811431584169	0.162111636254
0	532	123.284926285347	0.017247540195
0	536	123.785170088564	0.106859923573
0	540	124.284005443074	0.376919401439
0	544	124.588855365341	0.039073399201
0	548	126.776238395145	0.080805391142
0	552	127.142458755847	0.292663681904
0	556	127.825857577052	0.115149797152
0	560	128.267680996082	0.368930831207
0	564	128.657265553556	0.026123105418
0	568	129.149868480006	0.092699746349
0	572	129.580532977487	0.073348019221
0	576	129.937935705911	0.034749550623
0	580	132.666066594655	0.092266563156
0	584	134.512402673284	0.034951035655
0	588	134.765738922736	0.032168035102
0	592	135.246949927127	0.030760524327
0	596	139.03594119209	0.081446213114
0	600	140.092222973485	0.071084194741
0	604	141.89479424013	0.136154964998
0	610	142.518682488815	0.315282142135
0	612	142.589422029634	0.364356385125
0	616	143.127346462939	0.301090312707
0	620	144.335900601855	0.232859810828
0	624	145.177635781431	0.012813487985
0	628	145.749837877596	0.125871487653
0	638	148.794354393725	0.240199755433
0	640	148.87006787001	0.315369750702
0	642	148.919963077039	0.349341346332
0	644	148.98633122014	0.348393711163
0	648	149.108265841496	0.000557738103
0	652	149.260287116343	0.015655604749
0	656	149.998611225088	0.002818862015
0	660	152.474381878303	0.064530908707
0	664	153.264887541465	0.145916996069
0	668	153.589759657947	0.010381719211
0	672	156.296281919373	0.125172943204
0	676	156.88071622683	0.16115944658
0	680	157.110677283914	0.151494790062
0	684	159.731210999083	0.100157056139
0	688	160.724990060495	0.079363426219
0	692	161.06303374214	0.027020142073
0	696	161.340453205663	0.033359794321
0	700	163.600942627638	0.090775301624
0	704	165.064339007513	0.041074478437
0	708	165.199769100361	0.046514880539
0	712	167.143914740699	0.071950454454
0	718	167.330718150385	0.077806110385
0	720	167.528249910945	0.267783123112
0	724	170.619909092705	0.086828091813
0	728	173.381871877564	0.00174596577
0	732	177.425072014106	0.021279007945
0	736	178.361954387429	0.070571101899
0	740	178.630232767103	0.056206154654
0	744	178.920575440437	0.135933483908
0	748	181.986775310268	0.142117540043
0	752	182.876126707717	0.250429146541
0	756	184.062494722443	0.304884829489
0	760	185.143576848756	0.056487750831
0	764	185.298505903077	0.06978706862
0	768	185.522771514032	0.013105321708
0	772	186.801986700269	0.142078008225
0	776	187.185026610806	0.118181519387
0	780	187.5108511579	0.011945213176
0	784	189.860568342456	0.062452931414
0	788	191.261358223247	0.337158999696
0	792	192.371062843561	0.15022918871
0	796	193.231696925645	0.032737808962
0	800	193.495308484095	0.002950275224
0	804	194.12335956095	0.136233890857
0	808	195.628039930721	0.044846630125
0	812	195.966398345749	0.076429627441
0	816	196.050460944648	0.015156951583
0	820	201.204714580378	0.040538351105
0	824	201.826026388228	0.06554126963
0	830	202.272883938231	0.1360952915
0	832	202.643269386015	0.425937756236
0	836	203.140480983541	0.100376010813
0	840	203.631600834823	0.279514434765
0	844	203.845661660774	0.052256232861
0	848	205.144331722923	0.138521778711
0	852	206.40767205017	0.080987462377
0	856	207.130011829967	0.127850709586
0	860	210.607014034303	0.023653137432
0	864	214.489500910994	0.171591662627
0	868	214.609879135745	0.091702060349
0	872	214.822268690064	0.048944160487
0	876	214.961513293028	0.025284005282
0	880	215.672269483349	0.004548165645
0	884	216.310599822592	0.033412363235
0	888	217.026634437445	0.106898790852
0	892	217.166120490916	0.036575899671
0	898	219.924348996395	0.164526549667
0	900	220.098730832073	0.23464613326
0	906	220.454546646207	0.105852356699
0	908	220.552637284833	0.187260365446
0	912	221.646433600741	0.115103349891
0	916	222.41217439784	0.055542162654
0	922	223.677408671053	0.340986728491
0	924	223.787814613639	0.13941097529
0	928	223.99383693813	0.06140411458
0	932	225.019547516023	0.072949846608
0	936	225.174351383035	0.094517315416
0	942	225.499380646923	0.155623910579
0	944	225.757947515567	0.372492226873
0	948	226.60376468345	0.104744992055
0	952	227.945290024006	0.131137581919
0	956	228.322074480461	0.008610476702
0	960	228.748899034845	0.046956341398
0	966	229.952377138269	0.187055627018
0	968	229.975873146782	0.174876821138
0	974	230.473686974766	0.127482500257
0	976	230.570074404397	0.21178907195
0	980	230.874531320463	0.074083419329
0	984	232.679617019199	0.287322245932
0	988	234.003880568911	0.07464886979
0	992	234.289010450449	0.127615849159
0	996	234.64084243915	0.283346274492
0	1000	235.435494170636	0.049290413758
0	1004	235.477448414825	0.038274857668
0	1008	236.896836305906	0.084500845089
0	1012	236.966085927753	0.057402218413
0	1016	237.200323642901	0.079878025759
0	1020	237.883291941686	0.096313112873
0	1024	239.283032865405	0.390243099112
0	1028	239.653625036288	0.002186488679
0	1032	240.48474924296	0.039973816463
0	1036	244.448662635067	0.009293196405
0	1042	245.15410187074	0.448228377919
0	1046	245.593143973373	0.465071959658
0	1048	245.654909175007	0.066123086265
0	1052	246.653238788233	0.340323379426
0	1056	246.680028191181	0.018628677072
0	1060	247.282170723129	0.008865372544
0	1064	251.686942577803	0.001603071186
0	1070	252.240651835474	0.08811026013
0	1072	252.291639303767	0.138884974953
0	1076	252.702044929053	0.067553319299
0	1080	253.058697246359	0.111041552524
0	1084	253.397401064565	0.266168076015
0	1088	254.12906850875	0.010830390019
0	1094	254.841848090566	0.228690898476
0	1096	254.89839414894	0.098671309424
0	1100	255.818317156653	0.470410795604
0	1104	256.882647886291	0.003931672106
0	1108	257.756770785848	0.000966943774
0	1112	258.195509697919	0.186072411928
0	1118	258.538389428773	0.291201189232
0	1120	258.573039642782	0.220245613005
0	1124	259.634048939162	0.135711902961
0	1128	261.691956116618	0.060900583748
0	1132	263.945866138607	0.123665699547
0	1136	265.235328240327	0.067235564134
0	1140	265.394803493989	0.106342977605
0	1144	265.94951884794	0.103419011054
0	1148	266.916771843564	0.111224067099
0	1152	268.481148449819	0.010479216722
0	1156	269.243293459124	0.047568522792
0	1160	269.784075039266	0.278807860632
0	1164	272.458575323106	0.022114490485
0	1168	273.148738627273	0.187792583067
0	1172	277.155380916182	0.04340621348
0	1176	277.245607060342	0.040840510822
0	1180	278.514427226118	0.053736194423
0	1184	279.280746457254	0.272675479308
0	1188	279.34540778432	0.020565785004
0	1192	279.560437654064	0.026579591041
0	1196	279.634727272781	0.040447330559
0	1200	279.889008990494	0.012815265802
0	1204	282.120798157541	0.026778805142
0	1208	282.887544654457	0.093671719489
0	1212	285.1161711613	0.054784138678
0	1216	288.777358266262	0.133928039105
0	1220	289.426834997027	0.312656877063
0	1224	289.505562711171	0.002494229559
0	1228	289.756934026874	0.1610002853
0	1232	289.988548837769	0.021919029923
0	1236	290.766529355872	0.065355704995
0	1240	292.013736095209	0.0765656542
0	1244	292.35013351648	0.134817954926
0	1248	292.403408454443	0.016801972647
0	1252	293.403045024901	0.030283517545
0	1256	294.877556149714	0.434758299595
0	1262	295.476961545024	0.387958654057
0	1268	295.753878156223	0.576334018052
0	1270	295.769801933681	0.139572138564
0	1272	295.920102665114	0.260164209172
0	1276	296.032448861182	0.053183530868
0	1280	297.506471612544	0.139116334999
0	1284	297.824461023151	0.131603705574
0	1288	298.495822959524	0.073106141427
0	1292	300.319438751396	0.065676892963
0	1296	300.738261524379	0.158657334629
0	1300	302.176118492578	0.171901371573
0	1304	303.284241604186	0.017566148679
0	1308	304.756308752614	0.078568254586
0	1312	305.911249124916	0.01932393081
0	1318	306.439613804368	0.178296399371
0	1320	306.463729624529	0.055145464968
0	1326	307.098009412732	0.092912905014
0	1328	307.129756147394	0.052675644296
0	1332	310.667813142423	0.058243136181
0	1336	311.51636191651	0.156564541166
0	1340	312.173450938695	0.037758535314
0	1344	316.980354412109	0.107679507845
0	1348	317.270634488749	0.031136617848
0	1354	317.410618990868	0.104271851757
0	1358	317.586086823115	0.242264461304
0	1360	317.695080617162	0.234801188787
0	1364	317.795759393221	0.033558863296
0	1368	318.447227051757	0.03283418289
0	1372	319.447144083893	0.129440084187
0	1376	319.677284521246	0.017939789647
0	1380	320.000599399765	0.030097466108
0	1384	322.147580038252	0.03917290738
0	1388	323.579969552335	0.023252348426
0	1394	324.859135946418	0.103015884508
0	1396	324.864365933214	0.045213853215
0	1402	326.843396944331	0.170797593615
0	1404	326.886329705582	0.051092753971
0	1408	328.07445092654	0.09824836799
0	1412	328.665550419242	0.052692562016
0	1418	330.387945027191	0.544584649663
0	1420	330.62140220001	0.45918094075
0	1424	333.361145589488	0.003220548669
0	1428	334.83901294869	0.035019695252
0	1432	336.517622033926	0.09100423325
0	1436	337.08981176289	0.068556328587
0	1442	342.536767502849	0.108482134207
0	1444	342.544613745439	0.015888582726
0	1448	343.340885930593	0.050046290555
0	1452	344.435842798652	0.124234424046
0	1456	345.009601726554	0.390821034597
0	1460	345.738071824856	0.087042130564
0	1464	346.105212847924	0.0794942426
0	1468	346.925380021947	0.107539643712
0	1472	348.708785055964	0.367756100822
0	1476	349.232947315662	0.224543146872
0	1480	350.050720138188	0.027509453798
0	1484	351.074898144174	0.049697062717
0	1488	358.020596210485	0.111066544392
0	1492	358.752534304704	0.023586270425
0	1496	360.774990723231	0.171465878509
0	1500	361.251039953345	0.043552786419
0	1504	361.63903126412	0.279477804191
0	1508	363.64282026923	0.321776283204
0	1512	366.127284009351	0.021889048976
0	1516	366.843492990598	0.09856304973
0	1520	367.152534042061	0.003752803422
0	1524	367.410848560881	0.217204119628
0	1528	368.075884804788	0.260097867265
0	1532	368.2065850881	0.080378999073
0	1536	369.362013876232	0.200364056276
0	1540	372.098355981999	0.191041069979
0	1546	372.425955435194	0.02950295385
0	1548	372.431453226419	0.013880616159
0	1552	378.381838426641	0.073457397987
0	1556	379.920787382355	0.044541953789
0	1560	380.818024157486	0.118230092139
0	1564	382.268687767723	0.212147835856
0	1568	382.84726799565	0.006605994728
0	1574	383.802138434401	0.076354531332
0	1576	384.029350396369	0.265117409378
0	1580	387.758722359677	0.520792360263
0	1584	390.110696413309	0.071436370102
0	1588	390.801694557832	0.104460451676
0	1592	391.631690306265	0.175055668084
0	1596	392.428206105816	0.04638324386
0	1602	394.773474361714	0.186447840187
0	1606	394.935405371483	0.334641988689
0	1608	394.942588331684	0.074539871695
0	1612	396.397346042312	0.001029979633
0	1616	396.698054215871	0.044913485742
0	1620	397.945979674427	0.198378360419
0	1624	399.189243453372	0.174312043794
0	1630	400.939443502255	0.195765111554
0	1632	401.009285987977	0.181228282381
0	1636	401.302136744201	0.151500033717
0	1640	403.161012525699	0.096604178454
0	1646	404.492009296732	0.192135081724
0	1650	404.575518056298	0.232884906164
0	1652	404.680946288283	0.109151978361
0	1656	405.090250676119	0.01815472507
0	1660	405.676874251305	0.266025053558
0	1664	406.311178391988	0.098506964897
0	1668	407.014615320677	0.539139890311
0	1672	408.274891766078	0.123319613557
0	1676	408.771625426872	0.063754242966
0	1680	410.31467247847	0.020546019942
0	1684	412.274574987142	0.073261974734
0	1688	412.72198312598	0.044004459313
0	1692	414.309137369921	0.322683024838
0	1696	415.461943445451	0.059880068905
0	1700	415.925855518178	0.121375067209
0	1704	416.292397259245	0.087892507699
0	1708	416.7019455318	0.050427902227
0	1712	417.315344052918	0.115932386229
0	1716	418.066124442727	0.063996852825
0	1720	419.672676610969	0.008570010771
0	1724	421.354968984787	0.201439285717
0	1732	423.420647053728	0.113112077524
0	1736	423.504446270289	0.174540749531
0	1738	423.651550939622	0.252499962664
0	1740	423.67874305169	0.247866698111
0	1744	427.13899908146	0.053756148985
0	1748	430.12813030504	0.032405601928
0	1752	430.744601163541	0.172033980651
0	1756	431.382124723183	0.063122019983
0	1762	432.392342973942	0.13396409064
0	1764	432.425198417932	0.091868071771
0	1768	433.067283126662	0.039564361339
0	1772	433.424672149986	0.040608964964
0	1778	435.59362898767	0.187700832539
0	1782	435.721309737572	0.231825428845
0	1784	435.803080333062	0.097704296659
0	1788	440.859864026199	0.003363889744
0	1792	441.354957370008	0.013131588507
0	1796	444.0097744974	0.038708634513
0	1802	444.358006507168	0.073255322266
0	1804	444.606058166156	0.318495006015
0	1808	446.590288465203	0.096073006094
0	1812	447.830209797737	0.127993878695
0	1816	448.04855306785	0.17501460742
0	1820	449.475802976202	0.036350083734
0	1824	450.105196131347	0.032945160034
0	1830	452.06363731464	0.195811951456
0	1832	452.301477305455	0.285010796169
0	1836	452.891866512031	0.199262812355
0	1840	453.826452059229	0.014744782024
0	1844	455.071518861434	0.166710445089
0	1848	456.671020859292	0.055311134668
0	1852	457.825172644531	0.014574388979
0	1856	458.668545556731	0.051557766231
0	1860	460.546700829275	0.054196758982
0	1864	463.545860896067	0.009067733031
0	1868	464.683492607286	0.001102618692
0	1872	464.957627236615	0.030888901693
0	1876	466.292358544969	0.173294576145
0	1880	466.704831261148	0.003578591334
0	1884	467.233615588221	0.139399670038
0	1888	467.619070184071	0.051855427981
0	1892	468.111208654933	0.016420743592
0	1896	469.611894098613	0.074844199017
0	1900	470.509758013314	0.035305057862
0	1904	471.175053681596	0.022503205319
0	1908	471.965697227868	0.108090717972
0	1912	473.884137970637	0.24644373525
0	1916	474.26394137691	0.076598323922
0	1920	475.298100319478	0.116771624499
0	1924	476.920247336381	0.003258428264
0	1928	477.674744592027	0.012212206307
0	1932	478.4979989745	0.323316801709
0	1936	479.164674825841	0.078832508936
0	1940	484.491630919929	0.165467885959
0	1944	486.567363890673	0.032298877287
0	1948	486.847129480784	0.095717136546
0	1952	488.145730784322	0.262867985613
0	1958	488.829245521838	0.126149160758
0	1960	488.967632768873	0.205928763278
0	1964	489.329832001738	0.014976413584
0	1968	489.596555521217	0.024289978649
0	1972	490.749798237339	0.047295459802
0	1976	491.171514417015	0.081308918616
0	1980	491.621299536241	0.016664218885
0	1984	494.073768120907	0.038830271277
0	1988	495.202694381766	0.199607256081
0	1994	495.964604074405	0.158042907172
0	1996	496.080525921702	0.157381264147
0	2000	498.417949232486	0.001626877847
0	2004	501.072522041169	0.011098889278
0	2008	502.866676733142	0.030832224371
0	2012	503.434879886934	0.002383901737
0	2016	504.213258150887	0.117300661878
0	2020	504.58471817443	0.213654436872
0	2024	505.32937677629	0.031434652151
0	2028	505.861137221203	0.123768308693
0	2032	506.07082216744	0.091286548861
0	2036	506.178881367955	0.107249408426
0	2040	506.808784754401	0.20802803426
0	2044	507.106568384548	0.013519355263
0	2048	507.80205715561	0.113015853074
0	2052	507.973927802852	0.072781500102
0	2056	509.620245756046	0.012141802063
0	2060	510.492157501452	0.066687964721
0	2064	511.163642252172	0.012351967404
0	2068	511.593661436034	0.030345257516
0	2072	512.141058619716	0.117528599193
0	2076	512.937649432457	0.070349689513
0	2082	513.500448086218	0.012255396436
0	2084	513.528258542505	0.033906150726
0	2088	514.609601270159	0.076547438854
0	2092	515.418202199476	0.003803625073
0	2096	518.692227617658	0.235709853644
0	2100	519.87150759234	0.375954123296
0	2104	520.673685541101	0.000730519574
0	2108	521.883778112622	0.16611634771
0	2112	522.884429574083	0.126769767153
0	2116	523.074231937526	0.121549431052
0	2120	525.453119501652	0.103307594812
0	2126	525.849669879485	0.365563027164
0	2128	525.899300825894	0.098282430721
0	2132	526.406431655035	0.09974873818
0	2136	527.126214284062	0.092245463667
0	2140	528.050118170379	0.080424778278
0	2144	531.645534072503	0.039188589202
0	2150	533.348294146416	0.218901414588
0	2152	533.505821434397	0.293864102064
0	2156	533.716947559275	0.068402091422
0	2160	533.794074595768	0.012072224485
0	2164	534.006209162481	0.054212216839
0	2168	534.330215158309	0.297495324832
0	2172	535.966610014949	0.066294627865
0	2176	536.380859020245	0.017032320772
0	2180	537.756723643738	0.014089572355
0	2184	538.581239825915	0.270252097061
0	2188	539.572064858403	0.227555701274
0	2192	540.085079158579	0.055348138534
0	2196	540.703246520622	0.050386720128
0	2200	541.118823253487	0.220989322626
0	2204	542.544788726382	0.118619300634
0	2208	543.310171058647	0.030343852338
0	2212	544.143302268519	0.100017094913
0	2216	544.221614901093	0.044647162864
0	2220	545.630567840351	0.000231118223
0	2224	550.854142131033	0.070722660777
0	2228	551.212058743961	0.019317877765
0	2232	551.400539963836	0.046973605621
0	2236	552.320050879062	0.162252064703
0	2240	553.661142160077	0.002954139974
0	2244	554.225145725001	0.005610074571
0	2248	554.380697490666	0.100301246263
0	2252	556.343272347268	0.26017186514
0	2258	557.357310001347	0.067255514172
0	2260	557.498837444327	0.169673304586
0	2264	561.191660856833	0.107722243711
0	2268	561.266256814204	0.009161819471
0	2272	562.575143273401	0.336615132117
0	2276	563.015335288044	0.21029550116
0	2280	563.905703170077	0.070916420702
0	2284	565.554775082197	0.122392152569
0	2288	566.197897421157	0.028030773032
0	2292	566.788580296691	0.070881864955
0	2296	568.14729464369	0.011816437718
0	2300	570.0995111579	0.130388471516
0	2304	572.349521882178	0.277473467066
0	2310	572.988064326615	0.064023116322
0	2312	572.988113263267	0.033621041546
0	2318	573.172632026539	0.058408079966
0	2322	573.333144529139	0.176537228814
0	2324	573.454243602078	0.134029381902
0	2328	573.661916923446	0.088272364492
0	2332	574.725953334713	0.006157037083
0	2336	575.905946916999	0.135522541159
0	2340	578.7695822495	0.134584868665
0	2344	579.164912791422	0.091612706905
0	2350	579.735032612732	0.156112310977
0	2356	579.974151898123	0.252076816986
0	2358	580.425873140041	0.640101350779
0	2360	580.640032204404	0.845046825593
0	2364	581.416352950177	0.028835682967
0	2368	582.43704801009	0.020127745929
0	2374	583.544427157939	0.051402303864
0	2376	583.659145458748	0.154678399978
0	2380	583.812867291897	0.095395999932
0	2384	583.912208052581	0.043566448182
0	2388	585.426133253902	0.060420866199
0	2392	585.48107440842	0.043467239021
0	2396	585.713252262498	0.090109396056
0	2400	586.354753774464	0.076534254255
0	2404	586.715224542232	0.002653473115
0	2410	587.11602932479	0.245295230557
0	2412	587.125468555533	0.114166028172
0	2416	587.695552541577	0.25163851756
0	2420	587.944250180204	0.113577878799
0	2424	588.540603440646	0.164042246072
0	2428	588.675687913555	0.074225768192
0	2432	589.78248195289	0.00333952596
0	2436	590.342366757705	0.029509227852
0	2440	590.372515738778	0.021426894857
0	2446	590.984033147362	0.061598659107
0	2448	591.227347807108	0.261433983554
0	2452	593.102171306246	0.264802433859
0	2456	593.164831025123	0.040598848174
0	2460	595.243099112002	0.048499784766
0	2464	596.48516636527	0.004113257896
0	2468	597.149837309319	0.031629937363
0	2472	597.601291886643	0.04726224401
0	2478	598.214248759063	0.070007439753
0	2480	598.236767397134	0.046266830527
0	2484	599.614276779486	0.111782124797
0	2488	599.985080140814	0.020766941113
0	2492	600.145106643901	0.095418396972
0	2496	600.601368118041	0.136701583183
0	2500	601.461332893192	0.115379798508
0	2504	602.615474232507	0.042155880447
0	2508	606.013214777594	0.039360886657
0	2512	606.084625413289	0.048191917139
0	2516	606.143937076497	0.036447732852
0	2520	607.242566697614	0.103765982821
0	2524	608.463043669454	0.094948441073
0	2528	609.14031776422	0.019313957226
0	2532	609.977039317308	0.125228775429
0	2536	610.482883293396	0.150011991033
0	2540	610.864128519252	0.024501955469
0	2544	612.0893437059	0.005663961022
0	2548	612.76015205472	0.046288337074
0	2552	615.116245567279	0.20016464782
0	2556	615.907976573043	0.076933852025
0	2560	616.346795601908	0.009502189947
0	2564	617.265358683805	0.082245601216
0	2568	617.657680730452	0.039654733544
0	2572	618.992291247203	0.015473998532
0	2576	619.166683436111	0.006779011667
0	2584	619.569255323474	0.081050093531
0	2588	619.659038120149	0.132171407582
0	2590	619.896316899527	0.328349453093
0	2592	619.91772486894	0.265638002982
0	2596	620.87366587661	0.445844446743
0	2600	621.741028568295	0.033037675817
0	2604	622.452764041853	0.111080092397
0	2608	623.742834487788	0.01905368214
0	2612	624.615514447718	0.027597364976
0	2616	627.654478076486	0.24308638127
0	2620	629.324922282585	0.063104927546
0	2624	630.623670948025	0.066314679313
0	2628	630.720069332105	0.021232886001
0	2632	633.926015148125	0.029214642854
0	2636	635.014945344857	0.198964670633
0	2640	636.274710024216	0.054418220708
0	2644	636.784400395606	0.183213357224
0	2648	637.073680351179	0.182699770779
0	2652	637.935159822865	0.048243759359
0	2656	639.550673538569	0.045378604697
0	2660	639.723070115179	0.062502789088
0	2664	640.026495928093	0.04838098722
0	2668	640.274846808352	0.114212843074
0	2672	641.04888742585	0.127673937664
0	2676	642.129794469066	0.001687086679
0	2680	643.550853002195	0.060966876523
0	2684	643.76300916446	0.17968524402
0	2688	645.236911937476	0.012350996311
0	2692	646.797937962367	0.056552742097
0	2696	646.99670093148	0.144439941693
0	2700	647.176980615014	0.125687694825
0	2704	647.830057837204	0.032320385068
0	2708	648.773691608932	0.097192899968
0	2712	648.790776751273	0.002664148232
0	2716	650.446964724829	0.001369246529
0	2720	651.453267702377	0.085256051494
0	2724	652.264288870755	0.005581706688
0	2728	653.738517614116	0.03876062517
0	2732	653.972215316414	0.084552296185
0	2738	654.383829154677	0.064491808957
0	2740	654.417389562042	0.060115837962
0	2744	654.671714615876	0.055822275479
0	2748	655.684607514545	0.230307405116
0	2752	656.967599525077	0.107791719027
0	2756	658.697808672996	0.045011971694
0	2760	660.767363920787	0.051137807142
0	2764	661.379608211929	0.064342012199
0	2768	662.968194770589	0.001098568345
0	2774	664.40482566766	0.120081361028
0	2776	664.407299099704	0.072117433084
0	2780	665.142340904438	0.14904772328
0	2784	666.274790137821	0.437509790887
0	2790	666.583653154915	0.160777022961
0	2792	666.626464886723	0.081988222502
0	2796	668.36223522171	0.07430192321
0	2800	669.235318174521	0.015211718121
0	2804	670.83262085338	0.009543603525
0	2808	671.306305263832	0.006384275037
0	2812	671.424664202664	0.022964106101
0	2816	672.382410231737	0.073310616697
0	2820	673.614775544324	0.037660681971
0	2824	674.571384857247	0.069083126557
0	2828	675.740514307415	0.057394449914
0	2832	676.722496977673	0.045909142261
0	2836	677.115428446112	0.257997572649
0	2840	679.880712489201	0.09161465208
0	2846	681.494497906949	0.098800843245
0	2848	681.530771721889	0.069841870295
0	2854	682.616600793952	0.254319386565
0	2856	682.782868224893	0.233155433461
0	2860	685.627904551279	0.14246549846
0	2864	686.333854253933	0.016617726466
0	2868	686.678778805983	0.035271582847
0	2872	689.074409898999	0.002647575453
0	2876	689.245152047616	0.104710343761
0	2880	689.429105955385	0.098048721872
0	2884	689.790174046033	0.016329922653
0	2888	690.777340366743	0.025631537586
0	2892	691.839292657645	0.124385713906
0	2896	694.325340524983	0.030773037827
0	2900	696.427883543635	0.006381682434
0	2904	696.961362199987	0.026101413184
0	2908	698.921403904267	0.254024105048
0	2912	699.466114076509	0.086968933825
0	2916	699.630863606938	0.069815729288
0	2920	699.701651111049	0.045961538484
0	2924	700.427487993712	0.033079362981
0	2928	702.165121177052	0.023079947368
0	2932	705.17799448599	0.03943860889
0	2936	707.459644490128	0.124126033398
0	2944	708.099631195779	0.479202246689
0	2946	708.148724180129	0.195717486666
0	2948	708.467904641954	0.405325473664
0	2952	711.126034804895	0.107016079211
0	2956	711.989007293127	0.091209417744
0	2960	712.745703881397	0.082827030251
0	2964	713.819337797463	0.12885643084
0	2968	714.073581499432	0.12282138789
0	2972	714.738748691211	0.042226581387
0	2976	715.660787965862	0.014705896843
0	2980	715.944804802932	0.013784923696
0	2984	717.513761429136	0.238166895871
0	2988	718.515588665602	0.089819435551
0	2992	719.966444465834	0.004911645985
0	2996	720.349042216706	0.070578581554
0	3000	720.745394655983	0.069160046846
0	3004	722.472894195652	0.01590461859
0	3008	725.090215370343	0.416372943009
0	3012	725.880490763966	0.099265059295
0	3016	726.216385389476	0.088576636801
0	3020	727.418610776233	0.066945097797
0	3024	730.209138219092	0.089731552502
0	3028	731.04481348828	0.095178764278
0	3032	731.3621758173	0.068980588522
0	3036	734.227678816408	0.013379311548
0	3042	734.841304097401	0.036770257249
0	3044	734.953846259529	0.125245393939
0	3050	735.488338369432	0.086407388116
0	3052	735.541964779899	0.090648561291
0	3056	736.444681769766	0.116635635612
0	3060	737.315900377218	0.065613031316
0	3064	738.841506022664	0.174196174899
0	3068	739.842112145403	0.045889236159
0	3072	740.882462690059	0.013260173964
0	3076	746.211411649314	0.094496172252
0	3080	747.693250870046	0.212925212995
0	3084	748.06420851269	0.060555357103
0	3088	749.304519737898	0.110210052332
0	3092	751.41488718285	0.105814689296
0	3096	752.168787458273	0.084162927652
0	3100	753.462664054224	0.274512583539
0	3106	755.589857347012	0.198393685833
0	3110	755.782021931256	0.252885673545
0	3112	755.79490289901	0.204139246699
0	3116	756.219116583006	0.219649858976
0	3120	759.219671672712	0.045211821973
0	3124	759.72981890201	0.029595311286
0	3128	760.513175616122	0.014062938746
0	3132	760.949697556919	0.101484432766
0	3136	762.157313430043	0.029608929048
0	3140	763.476931015245	0.23080873799
0	3144	765.038586253171	0.022986777776
0	3148	765.725895788172	0.051703022057
0	3152	766.939397496796	0.061130694384
0	3156	768.859690851876	0.044766938916
0	3160	770.792464990476	0.221163828323
0	3164	771.875745358072	0.025336833083
0	3168	772.623764681718	0.07767427484
0	3172	773.652136105861	0.045202282203
0	3176	774.202630402632	0.113911449539
0	3180	774.266615625114	0.054697173192
0	3186	774.877956439067	0.228347478112
0	3188	774.935278469385	0.232561782112
0	3192	775.315516041538	0.0483178448
0	3196	775.677018535758	0.163282843333
0	3200	776.054226564892	0.012806206367
0	3204	777.256190463458	0.312333910018
0	3210	777.664616496358	0.348433526492
0	3212	777.74557355455	0.180475425991
0	3216	777.88936049674	0.072076908698
0	3220	778.022201974209	0.094457810286
0	3224	778.837165271611	0.13871292295
0	3228	780.338293723908	0.199185447676
0	3232	781.062956803979	0.007944046445
0	3236	783.728101420769	0.167413488769
0	3240	783.80994002413	0.042892610602
0	3244	783.994127181985	0.131870608976
0	3248	784.786773034845	0.054913641506
0	3252	785.215092897429	0.071176003148
0	3256	785.47638207844	0.016215945528
0	3260	787.271347351981	0.016960231426
0	3264	787.66829696912	0.127119465946
0	3268	788.213078067373	0.269169132378
0	3272	788.871099435817	0.147275007548
0	3276	789.745345502826	0.026547140602
0	3282	790.445111506841	0.037658739127
0	3284	790.451336520554	0.02717312742
0	3288	791.108887645289	0.046383690145
0	3292	793.006708811017	0.115582677674
0	3296	794.146219332964	0.048831712111
0	3300	795.023965109908	0.359277024487
0	3304	796.101667830615	0.050962130189
0	3308	796.93216233332	0.048910924751
0	3312	798.662119546499	0.117524907524
0	3316	799.778898560841	0.035717201327
0	3320	800.4757811903	0.065201854496
0	3324	801.976960043624	0.10968378576
0	3330	805.501160398011	0.103348899958
0	3332	805.535929647154	0.048764286964
0	3336	806.67938509533	0.020712325299
0	3340	807.676074083887	0.001237759923
0	3344	809.069820567771	0.045503187591
0	3348	809.78761937709	0.027591122892
0	3352	812.489133382983	0.018309227896
0	3356	812.785325427634	0.173006499018
0	3360	813.353066206033	0.023975038682
0	3364	813.9964108058	0.40524604333
0	3368	814.872740515028	0.025203023195
0	3372	817.975894086587	0.039220778583
0	3376	819.798501280484	0.083490440977
0	3380	820.442671247787	0.018591400987
0	3384	822.689738606857	0.064352370732
0	3388	824.213628019733	0.180611944307
0	3392	824.633961315075	0.008700624415
0	3396	825.103955866913	0.064561552559
0	3400	825.425816441575	0.286276797116
0	3404	825.592373792986	0.110397998404
0	3408	827.9726297267	0.047762321648
0	3412	829.118312278916	0.435357847582
0	3416	830.075708440508	0.023601826404
0	3420	831.709769327296	0.034542627489
0	3424	832.764152143223	0.110096507756
0	3428	835.879547165928	0.08139344156
0	3432	836.328610052261	0.021312821533
0	3436	836.5179245667	0.013242611027
0	3440	837.230804883512	0.060283423171
0	3444	843.500181175943	0.211357599081
0	3448	845.355978879005	0.007035844563
0	3452	846.818935733561	0.070627535933
0	3456	847.207527970102	0.081737807604
0	3460	848.338162137429	0.011362295277
0	3464	850.430873111238	0.020962937221
0	3468	850.661454906051	0.001368915153
0	3472	852.784910718918	0.147777537392
0	3476	853.1157909095	0.099907522875
0	3480	853.557013027964	0.019039732577
0	3484	855.477593653671	0.165619677892
0	3488	855.592948876018	0.035622702828
0	3494	857.064375648503	0.091629025655
0	3496	857.111673796721	0.076802903857
0	3500	857.535249206045	0.303887461344
0	3504	858.888109378466	0.017785924075
0	3508	861.245448249574	0.019947398525
0	3512	861.529134614889	0.00197942692
0	3516	862.439768370977	0.02395686155
0	3520	863.985680331149	0.109468856011
0	3524	864.588421508323	0.018036717588
0	3528	865.366981928409	0.058606392983
0	3532	865.79356391434	0.035502196705
0	3538	866.45628309112	0.342102765546
0	3540	866.474189947597	0.357810696767
0	3544	866.863703736907	0.033936414651
0	3548	868.31870258692	0.028803050522
0	3552	871.355204753468	0.147508070233
0	3556	872.535576487617	0.129950581003
0	3560	873.078515937853	0.196203377939
0	3564	873.485770376303	0.054364492244
0	3568	874.032122287904	0.14704826426
0	3572	874.999428603637	0.123952268373
0	3576	875.232845542858	0.013218028883
0	3580	876.076292725684	0.080868549674
0	3584	877.192626240992	0.107553197588
0	3588	878.520729446697	0.002575194165
0	3592	882.834980140483	0.311062260858
0	3596	883.873753151341	0.115985921925
0	3600	885.341752845588	0.133407990014
0	3604	886.007859100059	0.029807946874
0	3608	886.353553007533	0.025326194613
0	3612	890.815237852558	0.095068315648
0	3616	892.746292821768	0.05622760204
0	3620	893.373169938923	0.145377877391
0	3624	895.858506901586	0.001489480487
0	3628	898.100699132131	0.132560971484
0	3632	898.931466409585	0.33925419821
0	3636	899.141572342357	0.003683855022
0	3640	900.056070900113	0.045813139789
0	3644	900.850476186893	0.096590808607
0	3648	901.889492607187	0.029786476311
0	3652	901.95256655778	0.055798540502
0	3656	902.502333508756	0.03343572336
0	3660	902.853703694806	0.167840744532
0	3664	903.437414485174	0.013911764717
0	3668	903.698015521346	0.182792246172
0	3672	904.180639819103	0.081802115015
0	3676	905.759459996381	0.02502969864
0	3680	907.965349088395	0.183773641611
0	3684	908.951085427843	0.060676595479
0	3688	909.596666403618	0.026269487241
0	3692	910.406361129085	0.013195528356
0	3696	912.025780068724	0.135999565672
0	3700	913.657159537641	0.026333326718
0	3704	915.162070192237	0.068994144503
0	3708	916.279911947128	0.044818885022
0	3712	918.027056451635	0.445628995719
0	3716	918.649222755574	0.009053911508
0	3720	919.757145449376	0.17900253214
0	3724	921.645904625865	0.169471645388
0	3728	921.814073297007	0.009534395374
0	3732	922.186618030006	0.108777283271
0	3736	922.500885564219	0.121632725918
0	3740	923.166908839567	0.114809623945
0	3748	924.390353802861	0.406765036545
0	3750	924.434903237179	0.406584562596
0	3752	924.700456429666	0.575100166765
0	3756	925.296043210944	0.255473277779
0	3760	926.542583773247	0.00286119387
0	3764	927.289303028477	0.291719540057
0	3768	928.569675390096	0.126821198276
0	3772	928.926284541451	0.03796316788
0	3776	930.104279896807	0.547032837592
0	3780	933.337241548035	0.125300049176
0	3784	933.749849987035	0.077698556133
0	3788	933.906129145438	0.149996238928
0	3792	934.85446521158	0.003158348068
0	3796	936.923852891654	0.113937932409
0	3800	937.946049566803	0.026221825145
0	3804	938.284891272201	0.08100879115
0	3808	938.403415188413	0.005567284058
0	3812	939.037172174494	0.349404507466
0	3816	942.691110887686	0.002982753902
0	3820	943.969296177032	0.052252939672
0	3824	944.308560352182	0.116076856156
0	3828	945.126000677305	0.133261268956
0	3832	946.707328418378	0.152783588642
0	3836	947.534082903039	0.07470820652
0	3840	947.856221593809	0.050676985752
0	3844	948.516083503522	0.10679279553
0	3850	950.019261077024	0.086525043326
0	3852	950.033293943588	0.071361682092
0	3856	951.741803892261	0.166651334438
0	3860	952.702697867408	0.230714431676
0	3864	953.302195657665	0.264574678953
0	3868	953.383894084803	0.059637005836
0	3872	953.457086166635	0.002816061204
0	3878	954.304528364612	0.34271205041
0	3880	954.387662605295	0.226154017767
0	3884	956.092995437814	0.091059488086
0	3888	957.14174293719	0.123080030531
0	3892	957.303985943578	0.116818627991
0	3896	958.227211491014	0.011874806268
0	3900	959.447357780423	0.008742833778
0	3904	960.692238828472	0.181355354189
0	3908	962.969312695303	0.128942325593
0	3912	965.455520919432	0.164424040766
0	3916	968.685868311807	0.060072707785
0	3920	971.148686263268	0.101288163118
0	3928	973.524049057413	0.265910883391
0	3930	973.576643783429	0.166302697477
0	3932	973.594935165747	0.154723252054
0	3936	974.153545584973	0.122914612613
0	3940	975.916644908839	0.133763849665
0	3944	976.573479146454	0.030924598558
0	3948	977.103325856894	0.01545530749
0	3952	977.291154191994	0.072559718062
0	3956	978.558513214635	0.075997413145
0	3960	979.083885904028	0.02136898122
0	3964	980.967296340267	0.068446687631
0	3968	982.145137351024	0.246323550414
0	3972	983.608963042832	0.040113152585
0	3976	985.866299500919	0.024749764165
0	3980	986.230649803843	0.270830036258
0	3986	987.338473239467	0.310997062868
0	3988	987.491284049867	0.364722442886
0	3992	991.456170157745	0.072534963035
0	3996	993.712107875334	0.013320291323
0	4000	994.112434210442	0.086272689121
0	4004	994.918232524649	0.038301589105
0	4008	997.523357933675	0.142441482936
0	4012	1002.91453697829	0.066376074999
0	4016	1004.608587899745	0.200655976522
0	4020	1007.674461086588	0.147531303553
0	4026	1009.239862028287	0.225139510287
0	4028	1009.256338665606	0.025639587215
0	4032	1010.504290958252	0.076758590522
0	4036	1011.65338451785	0.081061691664
0	4040	1012.223020971489	0.105181436372
0	4044	1012.943398630921	0.061973213159
0	4048	1013.725498476844	0.023017004465
0	4052	1014.445886653216	0.009690533372
0	4056	1017.310202428309	0.054458030248
0	4060	1018.704621920279	0.050874272376
0	4064	1019.037205970779	0.027244158626
0	4068	1020.163475772987	0.198946936593
0	4072	1021.244060002818	0.16878754148
0	4076	1021.762833074964	0.06760359537
0	4080	1024.70335897935	0.049258493774
0	4084	1024.923769485575	0.054483858255
0	4088	1027.235164994756	0.09944574569
0	4092	1027.530825953306	0.053785652912
0	4098	1028.320962963034	0.130705725982
0	4100	1028.433633062722	0.113992509556
0	4104	1028.557829107498	0.003726616772
0	4108	1028.701108230615	0.040787150164
0	4112	1029.605576591061	0.031328825923
0	4116	1030.752270573574	0.073352048115
0	4120	1031.234237466571	0.131773044499
0	4124	1031.358952885855	0.053553433975
0	4130	1031.621077649202	0.118751056617
0	4132	1031.647968391517	0.117466827544
0	4136	1032.484590445955	0.137997023405
0	4140	1034.424304221146	0.282990086652
0	4144	1036.557997444887	0.026793566771
0	4148	1038.387148322337	0.151321221738
0	4152	1039.134193815712	0.074649712797
0	4156	1042.445583660671	0.010740367832
0	4160	1042.919386662216	0.134737795194
0	4164	1043.73989887077	0.015809238974
0	4168	1043.833102048316	0.027048170152
0	4172	1044.867207948202	0.168661895882
0	4176	1045.340247411545	0.142573492782
0	4180	1046.594772501464	0.064170737158
0	4184	1046.726753169554	0.019350060663
0	4188	1047.421827349076	0.08197641849
0	4192	1049.198702903433	0.180388487011
0	4196	1049.995696279543	0.101642366681
0	4200	1050.660908075485	0.119034786765
0	4204	1052.084309706494	0.079305979278
0	4208	1052.249359224428	0.159271647021
0	4212	1052.687300191723	0.202418036129
0	4216	1053.096708355751	0.031095933367
0	4220	1053.250516065329	0.024792770161
0	4224	1055.068195873799	0.057778532759
0	4228	1055.52323700825	0.070463601568
0	4232	1057.348191753501	0.163445075606
0	4236	1057.677437406848	0.211100917555
0	4240	1058.972816603285	0.154483318825
0	4244	1060.68806216051	0.124234182672
0	4248	1061.030807463324	0.029666523864
0	4252	1062.351846009085	0.092200301531
0	4256	1062.495581716045	0.109476116565
0	4260	1063.16759332037	0.061257844166
0	4264	1063.386983650715	0.147336705759
0	4268	1064.7682676094	0.048789481796
0	4274	1065.700327835663	0.368780762382
0	4276	1065.719660615639	0.339120431802
0	4280	1066.639691218823	0.058771461885
0	4286	1066.96095987289	0.273999179384
0	4288	1066.987349023652	0.169072477201
0	4292	1067.543463712241	0.066675741387
0	4296	1068.016565951671	0.039923009938
0	4300	1069.364665202082	0.011438601361
0	4304	1070.243183971937	0.22448583514
0	4310	1073.172170519029	0.078043567389
0	4312	1073.201422170713	0.072132965464
0	4316	1074.374486635693	0.11620126462
0	4320	1077.536831003999	0.015842307546
0	4324	1079.987361025896	0.080015075963
0	4328	1080.412814364396	0.025589721931
0	4332	1081.046979789068	0.234432937268
0	4336	1082.119347867573	0.083379294247
0	4340	1082.651245334017	0.067603646731
0	4344	1083.299302104201	0.156305026684
0	4348	1083.586182984337	0.061777190167
0	4354	1085.505079260337	0.366855170835
0	4356	1085.575382104095	0.392226896534
0	4360	1087.142154225813	0.018962864868
0	4364	1087.296602059335	0.005094546478
0	4368	1087.501675489083	0.149413381572
0	4372	1088.39759658554	0.104570424532
0	4376	1089.984568996525	0.253380503782
0	4380	1090.449472802026	0.020019988869
0	4384	1092.351313503684	0.032145343133
0	4388	1096.129008683441	0.017692316831
0	4392	1096.603431108005	0.015876484951
0	4396	1097.144415331269	0.222185164935
0	4400	1097.978207254106	0.025890393732
0	4406	1098.94258756784	0.096012390405
0	4408	1099.028530917146	0.153208570943
0	4412	1100.83159979994	0.517513122458
0	4416	1101.455381288033	0.072769775786
0	4420	1101.540523771452	0.014051826427
0	4424	1102.647606073336	0.017512534389
0	4428	1103.614729321766	0.202538395131
0	4432	1104.844631547686	0.289199088938
0	4436	1105.830621458013	0.058324292016
0	4440	1106.823616524172	0.168427698259
0	4444	1108.040530248235	0.013895024667
0	4448	1111.074499874942	0.298801167287
0	4452	1112.252515957103	0.016486712263
0	4456	1113.66377912403	0.155582436536
0	4460	1114.183282955203	0.314356070976
0	4464	1114.629995893927	0.073086683734
0	4468	1115.5855630692	0.034895931228
0	4472	1116.289985511496	0.029068425911
0	4476	1119.223769010321	0.057627806857
0	4480	1120.966265848464	0.001299077449
0	4486	1123.081682623643	0.318493341074
0	4488	1123.098417457926	0.183766108944
0	4492	1123.203588346242	0.013021688396
0	4496	1124.972810124476	0.005306953756
0	4500	1126.269399025956	0.153126443384
0	4504	1127.338041261616	0.040514842837
0	4508	1128.280618996009	0.184028691504
0	4514	1128.585592535986	0.276371499522
0	4518	1128.856888057697	0.462704793211
0	4520	1128.943684855182	0.294797172271
0	4524	1129.909043692408	0.135462124275
0	4528	1130.370570250443	0.204248923826
0	4532	1131.337186302818	0.083220037821
0	4538	1131.889091370969	0.071084204126
0	4540	1131.934789952883	0.092882988149
0	4544	1132.152784031205	0.212155637114
0	4548	1132.935831373416	0.075393740926
0	4552	1133.214744688524	0.077097202752
0	4556	1133.35846520488	0.057850147982
0	4560	1133.59509877225	0.087498968367
0	4564	1133.978200574981	0.005156922333
0	4568	1134.72720733565	0.072161878816
0	4572	1135.362968603496	0.087061754198
0	4576	1136.444625243482	0.018136799044
0	4580	1136.573325143632	0.012361152896
0	4584	1137.78000907176	0.059251227112
0	4590	1138.307365787241	0.187013547139
0	4592	1138.441148931355	0.211767020133
0	4596	1138.655514890563	0.015883434361
0	4600	1139.09316279029	0.012926244262
0	4604	1142.075380963957	0.084020811522
0	4608	1142.585090728773	0.0935678611
0	4614	1142.67265196678	0.07006496549
0	4616	1143.069226713118	0.460170236371
0	4620	1143.501589534857	0.021388483783
0	4624	1143.837396006036	0.073692814809
0	4628	1144.798522934164	0.087006181511
0	4632	1147.199719101696	0.053961903255
0	4636	1148.199272377847	0.006452723332
0	4640	1149.309498207333	0.046306768598
0	4644	1149.51499885568	0.013177540637
0	4648	1150.586846846515	0.084270045583
0	4652	1151.742019838365	0.058077595592
0	4656	1151.858457816538	0.041532665108
0	4660	1153.477103919495	0.07202628761
0	4666	1154.186415225853	0.206190594596
0	4668	1154.316434080543	0.252400699946
0	4674	1155.579181851574	0.071658364844
0	4676	1155.865821821873	0.296233864175
0	4682	1157.028821406105	0.098626089876
0	4684	1157.150809589626	0.157084249856
0	4688	1159.227483394838	0.510783402622
0	4692	1160.67200193775	0.238736175116
0	4696	1161.345698023586	0.029736569071
0	4700	1161.602395931495	0.050620582053
0	4704	1162.588596572415	0.041795198592
0	4708	1164.083628263343	0.030059548434
0	4712	1164.514144284127	0.12814953367
0	4716	1165.439110579422	0.001933993082
0	4720	1166.679347385467	0.269298748095
0	4724	1167.14900202354	0.03834077327
0	4728	1167.744915405633	0.087680521068
0	4732	1168.022231424042	0.071075221055
0	4736	1168.907391641153	0.059855561585
0	4740	1169.712192835146	0.035097320693
0	4744	1170.287280841538	0.102910141666
0	4750	1172.911110681769	0.184979243076
0	4752	1172.94275638229	0.06446425111
0	4756	1173.780115075662	0.078050876008
0	4760	1174.758382730446	0.064979492022
0	4766	1175.977638010715	0.059032575471
0	4768	1176.27458962176	0.341996261915
0	4772	1177.266514341112	0.111225703053
0	4776	1177.612031877981	0.084145691281
0	4780	1177.908597464293	0.199957476399
0	4784	1179.602433329826	0.007942915841
0	4788	1180.798589048568	0.041035579825
0	4792	1183.526389075085	0.120160727577
0	4798	1184.360545543903	0.0962378588
0	4800	1184.364277529082	0.065533136477
0	4804	1184.753062201153	0.066811660369
0	4808	1184.977692951881	0.018530836227
0	4814	1185.499533525981	0.386059208698
0	4816	1185.573719634039	0.435979862402
0	4820	1186.209591865633	0.034673571534
0	4826	1186.421481784209	0.091713945486
0	4828	1186.441970371927	0.039114289106
0	4832	1187.303512642249	0.001622560223
0	4838	1187.48551651753	0.077086324617
0	4840	1187.675108565716	0.237985568488
0	4844	1187.990510331615	0.02604350498
0	4848	1188.067305155924	0.051152005428
0	4852	1190.923409755533	0.01000388685
0	4856	1191.484675356454	0.120861562083
0	4860	1192.045449530534	0.089866968016
0	4864	1193.91830669343	0.037699129504
0	4868	1194.477093492371	0.19626990025
0	4872	1194.843081369018	0.07643753025
0	4876	1196.635173365081	0.14330249502
0	4880	1198.459535310705	0.24074588618
0	4884	1199.568306983297	0.094900070765
0	4888	1199.769969055126	0.092632505794
0	4892	1200.612648307534	0.120098656557
0	4898	1201.279845980565	0.448840564745
0	4900	1201.306837254095	0.451151131909
0	4904	1202.947031170939	0.047520245076
0	4910	1203.211049363263	0.116989239004
0	4912	1203.226725517311	0.075296076233
0	4916	1204.2218657109	0.121951437159
0	4920	1205.751362455023	0.028471189379
0	4924	1207.217498080999	0.02752275438
0	4928	1208.941310875629	0.215071300096
0	4932	1210.160105513332	0.041275497728
0	4936	1211.373996188445	0.080499075583
0	4940	1214.376242658431	0.235311594973
0	4944	1214.52917805809	0.150312964103
0	4948	1214.943010825037	0.079827196394
0	4952	1215.575037623992	0.00361291549
0	4956	1216.628225717734	0.099808054502
0	4960	1222.110788731148	0.043694150964
0	4964	1222.20333154063	0.045913836109
0	4968	1223.432478487903	0.124611353653
0	4974	1224.764857631665	0.076802639235
0	4976	1224.853922830123	0.109435073805
0	4980	1225.822622481989	0.121931290442
0	4984	1227.114540227092	0.119809517856
0	4988	1227.910424647778	0.317508728979
0	4992	1228.521064068428	0.170616959545
0	4996	1230.447723744949	0.000219889025
0	5000	1230.725849745675	0.046969948692
0	5004	1231.284573242238	0.031264569678
0	5008	1231.973166541046	0.064459690037
0	5012	1232.651544047912	0.032007532933
0	5016	1234.561395485662	0.051775813297
0	5020	1236.206962056645	0.099046512812
0	5024	1236.264295017317	0.021199712868
0	5028	1237.083952850325	0.100506045686
0	5032	1240.040103309638	0.235268151651
0	5036	1240.098394510909	0.034773548214
0	5040	1240.232715065015	0.112896629251
0	5046	1241.169189353008	0.020282406503
0	5050	1241.433808240681	0.269824616056
0	5052	1241.468165320524	0.060258880103
0	5056	1241.497079617539	0.005881779829
0	5060	1241.620805552137	0.035149011678
0	5064	1243.147631670967	0.002218450241
0	5068	1245.362085087613	0.074031627157
0	5074	1245.853287807099	0.186749311286
0	5078	1245.943988859612	0.267477121305
0	5080	1245.97662424517	0.095115520745
0	5084	1247.756689103568	0.068685212558
0	5090	1254.69743934339	0.282539308532
0	5092	1254.936964363462	0.500373881493
0	5096	1255.039288722929	0.089240132665
0	5100	1255.884360617683	0.013376833452
0	5104	1257.7369004817	0.252203645545
0	5108	1258.124548654057	0.016859483538
0	5112	1258.184497052644	0.021069425033
0	5116	1258.807694741394	0.046377089819
0	5120	1259.489234652704	0.064424160442
0	5124	1260.357237496829	0.061547940752
0	5128	1260.594411120681	0.036167581209
0	5132	1260.817301165671	0.125366312169
0	5136	1262.048222090306	0.060789769909
0	5140	1262.5021181693	0.014773552519
0	5144	1262.574702567527	0.064692128602
0	5150	1262.901144283876	0.044164365393
0	5152	1263.153334637116	0.265573679227
0	5156	1263.622889492546	0.027527732252
0	5160	1264.417242527794	0.024589856875
0	5164	1267.799256453607	0.118017117486
0	5168	1268.224373686582	0.07825449795
0	5172	1269.313086988306	0.001100836403
0	5176	1270.293752380722	0.362448013662
0	5180	1271.038087462129	0.017104347944
0	5184	1273.534541502358	0.065625618343
0	5188	1273.671015722896	0.066123732155
0	5192	1276.643383731365	0.025202809184
0	5196	1277.861700730697	0.044309011441
0	5200	1279.0948090666	0.004114702269
0	5204	1279.338280699868	0.006432938882
0	5208	1279.696023521756	0.04761719045
0	5212	1280.548120794279	0.057644201249
0	5216	1280.843996748698	0.224023934431
0	5220	1281.488020530108	0.135671489885
0	5224	1281.536662848996	0.038457617388
0	5228	1282.51231807485	0.069796886569
0	5232	1282.612535115725	0.01714443119
0	5236	1283.830817861816	0.010654985034
0	5240	1284.308791410653	0.126690678978
0	5244	1285.288022853276	0.148587657242
0	5248	1285.75224019394	0.153163164046
0	5252	1286.773727389189	0.190179483801
0	5260	1287.033962888516	0.198964594694
0	5264	1287.130332203231	0.211343905783
0	5266	1287.233158474806	0.239320013534
0	5268	1287.274555339547	0.200732098992
0	5272	1287.553619429116	0.058888670604
0	5276	1287.929040201523	0.024687018455
0	5280	1288.022378605237	0.025684358566
0	5284	1288.196239041252	0.07759246632
0	5288	1288.499574092028	0.020497016315
0	5292	1289.402075204716	0.0292598126
0	5296	1290.457702355422	0.03509533144
0	5300	1292.111904264121	0.041429666217
0	5304	1292.349979945895	0.038060036374
0	5310	1293.462644668844	0.007064222633
0	5312	1293.528953048933	0.069855089449
0	5316	1294.069823363749	0.048450854198
0	5320	1295.6108731265	0.043818605452
0	5324	1296.350531630711	0.178107392643
0	5328	1296.792834968965	0.331741839004
0	5332	1297.023063569603	0.158767743707
0	5338	1298.850810115853	0.177147922495
0	5340	1298.959155962243	0.178345688054
0	5344	1301.918719478491	0.000423169446
0	5350	1305.515613579742	0.091211840374
0	5352	1305.520386542881	0.050036022469
0	5356	1308.343849787101	0.392984173375
0	5360	1311.232957275212	0.194672651984
0	5364	1311.906750382921	0.307202856503
0	5368	1312.445164584591	0.086476310155
0	5372	1312.760430415458	0.038799671542
0	5378	1313.011726916672	0.203683164688
0	5380	1313.078968914333	0.143593568823
0	5386	1313.527123051265	0.433480542274
0	5388	1313.530988959891	0.375208560773
0	5392	1314.208092334337	0.265241638698
0	5396	1314.418939327261	0.04247187663
0	5400	1315.668192257866	0.002976046745
0	5404	1318.154530821637	0.015638258009
0	5410	1318.246726588801	0.028198879778
0	5412	1318.420115806064	0.180645648415
0	5416	1320.152797470551	0.169107663273
0	5420	1321.181218189133	0.150548663901
0	5424	1322.108997320952	0.021784680349
0	5428	1323.125590320166	0.121385385834
0	5432	1323.589712713319	0.041512223447
0	5438	1326.720292472182	0.308241083126
0	5440	1326.787753594246	0.374647624526
0	5444	1327.161871923325	0.000657234954
0	5448	1327.758398852157	0.09109767039
0	5452	1327.859053510784	0.005748823911
0	5456	1330.693479911164	0.04737009135
0	5460	1331.236533122276	0.009290448968
0	5464	1333.652878039868	0.032047940462
0	5468	1336.416794112168	0.055089843756
0	5472	1336.720233653179	0.012147516946
0	5476	1337.717666183359	0.090185702548
0	5480	1338.005895452529	0.026546597424
0	5484	1338.477355970793	0.152335135488
0	5488	1339.38527426088	0.01792777447
0	5492	1339.469417939512	0.002688994161
0	5496	1343.371660522957	0.182304989362
0	5500	1343.943485158818	0.112062555427
0	5504	1344.218610826442	0.193719932277
0	5508	1344.40256391964	0.160183373264
0	5512	1347.082428135351	0.06826507074
0	5516	1348.101660703686	0.051914751074
0	5520	1350.041541377847	0.163587329024
0	5524	1352.698193151718	0.005706682523
0	5528	1353.023304516803	0.04332259851
0	5532	1353.134523046732	0.071186346717
0	5536	1354.189129850714	0.089196052074
0	5540	1354.241603535745	0.013740082981
0	5544	1354.316577061065	0.001424610138
0	5548	1354.885570567679	0.050440465383
0	5552	1355.006001289756	0.014469717631
0	5556	1355.928825874065	0.131645010465
0	5560	1356.236215752456	0.197551260568
0	5564	1357.783177004364	0.099060656778
0	5568	1358.085588191274	0.13819365735
0	5572	1358.786168457137	0.090889578249
0	5576	1360.583959249783	0.480003062387
0	5580	1360.713944206694	0.020945430443
0	5584	1365.04002921096	0.218936132658
0	5588	1365.363834640759	0.15721602795
0	5592	1367.225861179548	0.041218804113
0	5596	1367.504512309784	0.013185734053
0	5600	1369.096288686853	0.107453084935
0	5604	1369.925591826379	0.206108423193
0	5608	1370.571543826054	0.015910612592
0	5612	1372.366528754997	0.020300536338
0	5616	1377.225537152961	0.002400305763
0	5620	1377.95777107555	0.01926444656
0	5624	1378.565043245161	0.170001629251
0	5628	1379.109089283466	0.057863875825
0	5632	1381.366323123013	0.194173095136
0	5636	1381.913650833026	0.015635263629
0	5640	1384.222587301717	0.28746570172
0	5644	1384.694815852127	0.036005838777
0	5650	1385.534315115808	0.08498375999
0	5652	1385.666153609759	0.150255438913
0	5656	1385.807182819347	0.124303925617
0	5660	1386.425262111977	0.018057606649
0	5664	1390.099149413328	0.147697617617
0	5668	1390.822903967285	0.228560572328
0	5672	1392.044043571507	0.449333509562
0	5676	1393.560052930385	0.111696148248
0	5680	1393.726532905539	0.040829119326
0	5684	1395.272965128971	0.047612367803
0	5688	1395.619462436982	0.153103838992
0	5692	1396.047930617321	0.10524501786
0	5696	1397.355628575367	0.085446564436
0	5700	1398.551030947716	0.079749230826
0	5706	1400.594495454188	0.220415641179
0	5708	1400.594719034817	0.118558006142
0	5712	1403.21674496435	0.098207622047
0	5716	1403.762066504125	0.170712269099
0	5720	1404.660935801283	0.096147085246
0	5724	1405.958756023163	0.084779905326
0	5728	1406.598122643616	0.004662833268
0	5732	1406.970318076747	0.140549442425
0	5736	1407.693029680312	0.036596804959
0	5740	1407.85855970341	0.019386164194
0	5744	1408.036911687581	0.111556873031
0	5748	1411.158958978439	0.163009601902
0	5752	1413.170685248638	0.052555149959
0	5756	1413.688323919503	0.012319865951
0	5760	1413.900864673107	0.081695162553
0	5764	1414.1615011814	0.121688265337
0	5770	1415.008918646609	0.134497453009
0	5774	1415.470966330658	0.579674784107
0	5776	1415.555159563241	0.207083688362
0	5780	1416.327586685258	0.071485452984
0	5784	1418.943181582958	0.094682832526
0	5788	1419.343375914678	0.287100583314
0	5792	1420.553917897858	0.064993155846
0	5796	1421.733873622458	0.000615943868
0	5800	1422.094947041681	0.033419319435
0	5804	1422.39119989316	0.120266355928
0	5808	1422.916650069257	0.065608395186
0	5814	1423.170379859955	0.114416050044
0	5816	1423.181918663516	0.103454388214
0	5820	1424.816958596059	0.037048443233
0	5824	1426.579509728048	0.250457064424
0	5828	1426.792148310159	0.077321484912
0	5832	1431.330092004853	0.085766101865
0	5838	1432.503695001105	0.206550975815
0	5840	1432.52189878045	0.221102786517
0	5844	1433.813526428603	0.045490883985
0	5848	1435.732282308731	0.076060535454
0	5852	1435.760216576064	0.007759858959
0	5856	1435.981146832775	0.01322189375
0	5860	1436.992301647466	0.06230782398
0	5864	1437.638071274695	0.255916711142
0	5868	1439.098630743623	0.034089185901
0	5872	1441.557133983906	0.019023641718
0	5876	1442.51342850026	0.013699980543
0	5880	1442.75243963574	0.008140171106
0	5884	1446.477027282484	0.060246770207
0	5888	1447.542603879411	0.047237992636
0	5894	1449.910462212283	0.113055904134
0	5896	1449.998863322955	0.118623744185
0	5900	1450.130635666283	0.002417911796
0	5904	1450.329973067691	0.042104339839
0	5908	1450.722212600756	0.01007447893
0	5912	1451.077784185188	0.021764063068
0	5916	1451.463460113262	0.184505092581
0	5920	1452.57017796443	0.236037049758
0	5924	1453.182488847542	0.05623219968
0	5928	1453.769062716876	0.34800134138
0	5932	1456.566983585972	0.083067362787
0	5936	1456.772303193939	0.101327696134
0	5940	1456.926329631929	0.101983725172
0	5944	1457.036153279128	0.07825667005
0	5948	1457.677692511408	0.058532639969
0	5952	1457.932849496531	0.203252315581
0	5956	1458.522590493087	0.210543210773
0	5960	1458.985842194006	0.071573331861
0	5964	1466.846348080699	0.012959079593
0	5968	1474.636060978225	0.106068502669
0	5972	1475.171732748743	0.007985079133
0	5976	1478.024291390034	0.133106674028
0	5980	1478.867151268245	0.129411461014
0	5984	1480.094171223999	0.475374901657
0	5990	1480.9683555924	0.160905698
0	5992	1481.093256557679	0.231785717956
0	5998	1485.651652204298	0.166499802077
0	6000	1485.777515093814	0.233739894452
0	6004	1486.575066763425	0.204166523218
0	6008	1486.782356008014	0.047432974817
0	6012	1487.379930877667	0.009506564433
0	6016	1487.465294807191	0.04051530649
0	6020	1490.326598043496	0.398931327579
0	6024	1490.615469054177	0.091646784111
0	6028	1490.856875674002	0.009831259919
0	6032	1491.502750735929	0.158036257665
0	6036	1492.465658516169	0.025913842604
0	6040	1494.069321660269	0.135334175708
0	6044	1497.117245348871	0.273025355039
0	6048	1497.713325461004	0.215476111589
0	6052	1499.031874782158	0.037828723675
0	6056	1499.073284444214	0.008266404358
0	6060	1500.104293841649	0.003146161626
0	6064	1501.132536119862	0.031519442236
0	6070	1501.524030534721	0.031299699229
0	6072	1501.58130775016	0.059461037322
0	6076	1502.478536033364	0.005988794231
0	6080	1503.470390227582	0.017959825034
0	6086	1505.315526251787	0.037439003028
0	6090	1505.36798705075	0.074597292669
0	6094	1505.392815563576	0.053038422642
0	6096	1505.432157299268	0.056257720268
0	6100	1505.80051226786	0.030417483919
0	6104	1508.39585588652	0.039471974896
0	6108	1509.687028071697	0.043409575118
0	6112	1511.949861103283	0.095835986053
0	6116	1513.141031509073	0.235532421515
0	6122	1513.736160203814	0.102335627005
0	6124	1513.758779629123	0.037439581367
0	6128	1514.182897523523	0.002940186658
0	6132	1514.828947081463	0.066075583631
0	6136	1515.885996556703	0.555167976911
0	6140	1516.154147180042	0.087365942009
0	6144	1517.742127767401	0.261063351464
0	6148	1518.980387838657	0.015458629737
0	6152	1521.584352973583	0.111935794573
0	6156	1523.404795181207	0.136425246586
0	6160	1524.675604895328	0.007535303475
0	6164	1525.374525560904	0.024400499042
0	6168	1526.675516136195	0.349750722806
0	6172	1526.817624251968	0.051523696262
0	6180	1530.004139286465	0.525862590629
0	6182	1530.354191132513	0.455137254792
0	6184	1530.444306416052	0.53429464471
0	6188	1530.684787999583	0.011693385233
0	6192	1532.176482416158	0.067090463025
0	6196	1532.820085361476	0.211079939836
0	6200	1533.22643311193	0.003121155864
0	6204	1535.954023962262	0.079554082117
0	6208	1537.947449763463	0.113902852477
0	6214	1538.866152721219	0.133646745957
0	6216	1538.929210173388	0.143964216687
0	6220	1541.106439126976	0.249999454716
0	6224	1542.672635655427	0.159005694059
0	6228	1544.302340732959	0.070263754315
0	6232	1544.867644006991	0.133290317783
0	6236	1545.561873407855	0.069824194552
0	6240	1546.541243023007	0.132602006122
0	6244	1547.373419535076	0.305115658116
0	6248	1547.864589352914	0.013896831929
0	6252	1548.298626614541	0.078226902386
0	6256	1548.331117549007	0.004319437045
0	6262	1550.849030644917	0.280778000869
0	6264	1551.021253316435	0.303606254995
0	6268	1555.24991353809	0.20504601441
0	6272	1556.137709627955	0.157728743717
0	6276	1556.634276022041	0.092330822473
0	6280	1557.014295375658	0.03059581642
0	6284	1560.372071549505	0.103035917175
0	6288	1560.569165312015	0.082748168874
0	6292	1561.381020620801	0.111836779247
0	6296	1562.86796596707	0.107345177652
0	6300	1563.610949845326	0.094817664877
0	6304	1565.447782187405	0.070164662428
0	6308	1565.840411359826	0.063692204039
0	6312	1567.759620775799	0.297643213471
0	6318	1568.517979513278	0.227854477073
0	6320	1568.530510116563	0.176612453755
0	6326	1568.899082513491	0.16385225861
0	6328	1569.108934791898	0.35691893019
0	6332	1569.986676754422	0.029562098206
0	6336	1571.007007547096	0.115153631061
0	6340	1571.418339594723	0.166363181936
0	6346	1572.144625128484	0.0797329014
0	6350	1572.500381286847	0.427444278369
0	6352	1572.666100081308	0.185505632322
0	6356	1580.778299315504	0.063864556055
0	6360	1580.992579608742	0.035070868313
0	6364	1581.26807448958	0.114819575076
0	6368	1583.106486461939	0.196747554339
0	6372	1583.338704624074	0.096076241745
0	6376	1583.96972726654	0.137557582222
0	6380	1585.076559484143	0.188083405895
0	6384	1588.08168372764	0.033981347051
0	6388	1589.471712520056	0.00573529397
0	6392	1592.135146898158	0.006390051815
0	6396	1593.273458756546	0.05306521329
0	6400	1594.385998481501	0.197610338413
0	6404	1595.23182880672	0.117258734618
0	6408	1595.625283588274	0.196473440578
0	6412	1596.260438094267	0.033721086318
0	6416	1597.074284830537	0.033764874698
0	6420	1597.199688898669	0.054764266615
0	6424	1597.30094829534	0.040123935896
0	6428	1597.523357803458	0.057327273931
0	6432	1597.848116581131	0.108845337806
0	6436	1599.407214055395	0.10724381629
0	6440	1599.788888809092	0.061792581093
0	6444	1600.887055593955	0.165354699545
0	6448	1602.310810962413	0.169919463773
0	6452	1603.185888731131	0.015228340743
0	6456	1606.980298582485	0.057883560648
0	6460	1607.372049210941	0.159105191253
0	6464	1608.02260872912	0.147710256266
0	6470	1609.708979097924	0.197313937973
0	6472	1609.714935680854	0.016565292581
0	6476	1609.811777011731	0.056870592165
0	6482	1610.207725971857	0.111540930536
0	6484	1610.22366007821	0.028290780937
0	6488	1610.908255178081	0.134795724362
0	6492	1612.976162854217	0.016061173136
0	6496	1613.151142231836	0.069285779718
0	6500	1614.18760552453	0.020006534233
0	6504	1615.171366334955	0.330180253365
0	6508	1620.283477980408	0.085523088752
0	6512	1620.920548192295	0.379629574249
0	6516	1621.370848383231	0.03766865882
0	6520	1621.638978628704	0.126981999588
0	6524	1624.007236118675	0.018649585208
0	6528	1624.358083802875	0.152155577769
0	6532	1625.726882298286	0.200671421031
0	6536	1626.600117674259	0.048360753452
0	6540	1629.750783651867	0.092834703299
0	6544	1630.184823321017	0.017149148455
0	6550	1631.465400608824	0.255195075166
0	6552	1631.509292673659	0.100366284687
0	6558	1632.667622054889	0.116648762222
0	6560	1632.672804555099	0.075167509889
0	6564	1635.104745018768	0.104011081522
0	6568	1636.078863000404	0.098251812994
0	6572	1636.518060409391	0.013512936991
0	6578	1636.781766936517	0.084044214507
0	6580	1636.938451192843	0.178842336478
0	6586	1637.678395876554	0.259582781978
0	6588	1637.763324531863	0.191404585548
0	6592	1637.841204204482	0.018785496335
0	6596	1638.065494980888	0.137629623265
0	6600	1638.810309717989	0.11874074351
0	6606	1639.192111202202	0.22901400323
0	6608	1639.20055712587	0.226617855529
0	6612	1639.484234992691	0.08412343679
0	6616	1643.972338437235	0.191736991757
0	6620	1644.131801096337	0.098367232389
0	6624	1645.169355893036	0.120680498777
0	6628	1645.975219993329	0.153649978259
0	6632	1646.714391572553	0.053362476826
0	6636	1647.580182711729	0.006294945124
0	6640	1651.69970150753	0.114471348678
0	6644	1651.997916668402	0.017088373846
0	6650	1654.049667618026	0.010417922933
0	6652	1654.150600902613	0.111124801123
0	6656	1655.188473167103	0.184661027075
0	6660	1655.409993319608	0.076807647103
0	6664	1655.820007931348	0.001503440231
0	6668	1658.939891313364	0.267765515756
0	6672	1662.196917191372	0.079627579906
0	6682	1664.792317602432	0.760794970712
0	6684	1664.818950002022	0.625788466773
0	6686	1665.190332276821	0.840838143718
0	6688	1665.31535408622	0.895721601302
0	6692	1665.450585094279	0.076774042553
0	6696	1666.000415390243	0.019045717712
0	6700	1668.063342232523	0.151176785991
0	6704	1668.196552378147	0.052643262688
0	6708	1668.347007005877	0.028921208159
0	6712	1668.627261442304	0.037029722449
0	6716	1668.967263629832	0.006085721443
0	6720	1669.174325959135	0.016199922896
0	6724	1669.920788454145	0.088596179472
0	6728	1670.662273258462	0.001436349132
0	6732	1672.715981186985	0.291744633823
0	6736	1672.802280755379	0.052881513276
0	6740	1673.968179533556	0.031440254213
0	6744	1675.270565474611	0.15383695477
0	6750	1676.424247911524	0.417250088708
0	6752	1676.503194006467	0.202289979494
0	6756	1677.446441952601	0.062731365151
0	6760	1679.84503347638	0.012448524583
0	6764	1680.248592851166	0.000619285258
0	6768	1680.453081523479	0.044605997901
0	6772	1681.557774345046	0.047692300111
0	6776	1681.995309543415	0.223447220736
0	6780	1682.704562331806	0.085842406659
0	6784	1686.566123250905	0.020917371518
0	6788	1688.984953455092	0.090626109858
0	6792	1689.110589153622	0.078314369282
0	6796	1689.969301141479	0.003994577312
0	6800	1690.911378009797	0.274816001278
0	6804	1691.213538579414	0.033847844948
0	6808	1691.349538852517	0.054855845074
0	6812	1691.54112222062	0.00173441714
0	6816	1691.612581649274	0.050243004778
0	6820	1691.886127196268	0.180850123634
0	6824	1692.262704029281	0.0916674262
0	6830	1693.315703568438	0.602364104062
0	6834	1693.525843393236	0.689585050033
0	6836	1693.593085875787	0.156723829111
0	6840	1693.933604802059	0.194422872385
0	6844	1694.224737217769	0.024797160026
0	6848	1694.504788293087	0.009693876866
0	6852	1694.652211173547	0.047996096225
0	6856	1696.573712470139	0.267515867796
0	6860	1697.985402725225	0.055463697709
0	6864	1699.440894055774	0.013174084513
0	6868	1699.916388564472	0.246307256954
0	6872	1700.244331469244	0.038031965397
0	6878	1702.744885032199	0.117566163295
0	6880	1702.859970607525	0.135785292454
0	6884	1703.934067172891	0.094305236657
0	6888	1705.147631764129	0.033794094953
0	6892	1705.433393528607	0.002430299678
0	6896	1706.646408757985	0.099734927942
0	6900	1706.989559193336	0.033376204509
0	6904	1707.124797016102	0.077986824617
0	6908	1707.438208045737	0.001975776577
0	6912	1708.150936137141	0.129056275641
0	6916	1709.823666834591	0.043734075699
0	6920	1710.127750766266	0.151427047024
0	6924	1710.999779063526	0.171349341218
0	6928	1711.546406382185	0.182057630927
0	6932	1713.102862422242	0.243563704501
0	6936	1716.786626881727	0.114415213369
0	6940	1717.296784348569	0.021625170915
0	6944	1717.433694410715	0.020923723507
0	6948	1719.003369188589	0.197069971516
0	6952	1720.45999113423	0.076597713345
0	6956	1720.993365742723	0.037961085944
0	6960	1723.473728734476	0.011070417864
0	6964	1724.784030601584	0.006679567064
0	6968	1724.895623627158	0.032798274119
0	6972	1725.1579480638	0.069245202881
0	6978	1726.024469628332	0.203831692057
0	6980	1726.04842082365	0.11713037495
0	6984	1726.592122701265	0.342792945062
0	6988	1727.424351125772	0.204365929183
0	6992	1727.76884014641	0.001733155302
0	6996	1728.185238662072	0.16165198527
0	7000	1729.187754255703	0.020063236317
0	7004	1731.323523002	0.03305021743
0	7008	1731.540226284068	0.014679935875
0	7012	1732.227322827492	0.002816227954
0	7016	1732.962757355595	0.010811423727
0	7020	1733.107945931081	0.000846035832
0	7024	1733.456318744107	0.063206522617
0	7030	1737.118288367719	0.044326912354
0	7032	1737.1217699167	0.036537754239
0	7036	1738.442273598678	0.038603753902
0	7040	1739.087875435313	0.007275995731
0	7044	1739.252208181728	0.07460149964
0	7048	1741.846146605154	0.023751996079
0	7052	1742.050900726153	0.019695040021
0	7056	1742.496633716691	0.375086020643
0	7060	1742.752133919995	0.113153982863
0	7064	1743.351210632708	0.017390992167
0	7068	1744.571798601629	0.156258333441
0	7072	1744.807434540972	0.033211884007
0	7076	1746.180578712068	0.02235031754
0	7080	1748.108500757004	0.034423632879
0	7084	1748.290826362401	0.091987101362
0	7090	1748.736173737048	0.284963817215
0	7092	1748.824099654425	0.197790117223
0	7096	1750.165270968319	0.072550905205
0	7100	1754.160474010386	0.081211841529
0	7104	1755.032967887891	0.06196080268
0	7108	1755.739607732553	0.036039832523
0	7112	1755.935543660747	0.049598345547
0	7116	1756.109136774778	0.042893344127
0	7120	1756.540116697068	0.041755806505
0	7124	1756.630992424915	0.019184069566
0	7130	1757.694980215991	0.053579558364
0	7132	1757.918944607161	0.269044834093
0	7136	1758.689605597021	0.042794369089
0	7140	1760.759281831294	0.008243684781
0	7146	1761.248193214181	0.274287031193
0	7148	1761.437691815985	0.256494808675
0	7152	1761.81880854673	0.040734312656
0	7156	1764.836202857167	0.287693781336
0	7160	1766.409064670827	0.157236748251
0	7164	1766.45132837317	0.005204466968
0	7168	1767.739851941251	0.001226234925
0	7172	1767.906298578876	0.038525603471
0	7176	1769.331907704876	0.412621089722
0	7180	1770.349493173159	0.078280859551
0	7184	1771.309845427512	0.172657842041
0	7188	1772.53137446114	0.030794675727
0	7192	1773.255283494179	0.073969453191
0	7196	1773.889119088482	0.200457501208
0	7200	1774.122007670199	0.055469750151
0	7204	1774.548959476138	0.03495296811
0	7208	1775.86609040268	0.075685699473
0	7212	1776.435708293636	0.051155434902
0	7216	1776.652623470527	0.06572144768
0	7220	1776.904197503893	0.012759548221
0	7224	1778.942895577512	0.040739746054
0	7228	1779.24885896595	0.011118913446
0	7232	1780.111864228809	0.033649728355
0	7236	1781.268344664895	0.050112705694
0	7240	1783.194914324305	0.065642664154
0	7244	1783.659851656403	0.06281688933
0	7250	1784.143981694556	0.063930246804
0	7252	1784.192350330357	0.049809541151
0	7256	1784.582318844426	0.003338913718
0	7260	1785.169222923165	0.120633700933
0	7264	1786.204285662387	0.097710651604
0	7268	1786.345936292673	0.009330764662
0	7272	1788.556863936939	0.065811350819
0	7276	1789.134942065772	0.147708374246
0	7282	1789.850418402605	0.218623749107
0	7284	1789.897231359876	0.189575204587
0	7288	1791.082089138227	0.033481732596
0	7292	1791.718258016445	0.114978255683
0	7296	1792.550799615746	0.002735422184
0	7302	1794.560136706878	0.188179333814
0	7304	1794.700028068297	0.210884153033
0	7308	1795.480588637686	0.219832200464
0	7312	1797.267588718753	0.044880739323
0	7316	1797.406993643854	0.036257154165
0	7320	1797.515030854715	0.005550432536
0	7324	1797.877220907644	0.10801907509
0	7328	1798.328253972539	0.086190332028
0	7332	1798.835777144259	0.125111742992
0	7338	1799.214536452061	0.198746039812
0	7340	1799.30296934239	0.215074863411
0	7346	1801.611122199654	0.138088628952
0	7348	1801.650372921433	0.05781973067
0	7352	1804.11374378256	0.174084519721
0	7356	1807.430007894864	0.118825732254
0	7362	1808.378015589395	0.111374911516
0	7364	1808.423321933506	0.046837476829
0	7368	1809.155017645256	0.015694325418
0	7372	1810.601983615937	0.066164104027
0	7378	1810.846860198545	0.09591623148
0	7380	1811.007474866643	0.208428867744
0	7384	1811.079042187016	0.064421488157
0	7388	1811.198045660718	0.027995891832
0	7392	1811.770870095738	0.030553865509
0	7396	1811.943633925238	0.001811640855
0	7400	1812.121771200734	0.062994488523
0	7404	1815.051149165092	0.082769071229
0	7408	1817.225441122957	0.045656669334
0	7412	1818.346797007387	0.058790680919
0	7416	1819.380659311556	0.011707735128
0	7420	1820.584082349595	0.060114425869
0	7424	1821.010509984232	0.089449277702
0	7428	1822.199062335137	0.014256829373
0	7432	1822.830464344929	0.039714795501
0	7436	1824.062931253663	0.217374798808
0	7440	1825.829962312848	0.158558456422
0	7444	1826.096246682231	0.011284525931
0	7448	1826.130848462039	0.018510398716
0	7452	1826.305741738719	0.141876962322
0	7458	1828.396522434963	0.069221149165
0	7462	1828.458830407335	0.094337433824
0	7464	1828.509277629475	0.060083138518
0	7468	1829.798288847047	0.131359029842
0	7472	1830.00223759074	0.09073094837
0	7476	1831.556050324296	0.014511206255
0	7480	1834.205111470669	0.070701099202
0	7484	1835.633429933467	0.16873692339
0	7488	1837.556252695559	0.218828795654
0	7492	1838.968445961772	0.076522272498
0	7496	1840.106764207056	0.067526388399
0	7500	1840.878805421074	0.004148579259
0	7504	1842.680933204256	0.00075873047
0	7508	1842.813574394385	0.091101927922
0	7512	1843.717166543169	0.082106792413
0	7516	1843.964588009933	0.017786328649
0	7520	1845.232853257457	0.007892337918
0	7524	1847.551479399028	0.04236046756
0	7528	1847.965741527401	0.046135865209
0	7532	1848.295997464828	0.137305882935
0	7536	1848.401319500734	0.08232381428
0	7540	1853.095806036064	0.162683762992
0	7544	1853.252694709625	0.041545725964
0	7548	1853.335121109357	0.050406662196
0	7552	1854.368638221895	0.038112568233
0	7556	1855.312643392243	0.020893350569
0	7560	1855.873613349535	0.487213716319
0	7564	1860.207828253112	0.072045405428
0	7568	1861.47172662288	0.323475442339
0	7572	1862.422059301668	0.015983714705
0	7576	1864.430670274009	0.000933049921
0	7582	1864.755725059236	0.238086287069
0	7584	1864.898658576927	0.165758252268
0	7588	1865.042059017949	0.020690293206
0	7592	1867.61573464943	0.064241418647
0	7596	1867.787900796944	0.016272182517
0	7600	1870.091992310762	0.042435986694
0	7604	1871.800272373539	0.046820461708
0	7610	1873.186212490674	0.315190804219
0	7612	1873.3204144492	0.407136935397
0	7616	1873.529694537172	0.107560441945
0	7620	1876.698802813501	0.011729891213
0	7626	1876.793873391499	0.057668562854
0	7628	1876.872406159038	0.081250657918
0	7632	1880.042326869412	0.068914403477
0	7636	1881.330949825664	0.025838433567
0	7640	1881.575582469002	0.070595196319
0	7644	1882.554098363365	0.001538679268
0	7648	1882.983955491786	0.018286249015
0	7652	1883.359477144053	0.028970678922
0	7656	1883.689930733125	0.051474029133
0	7660	1884.538617014347	0.036436479863
0	7664	1884.678823029096	0.008903449344
0	7668	1884.837210295608	0.021729726164
0	7674	1886.184956285268	0.090396335553
0	7676	1886.243152340099	0.097671915746
0	7680	1887.219198679426	0.106250376078
0	7684	1888.035484060339	0.16711549514
0	7688	1888.398789088408	0.002700216539
0	7692	1890.753859603697	0.262856202781
0	7696	1891.659023804042	0.186781438861
0	7700	1892.989486260139	0.414462025055
0	7704	1897.397257611307	0.020677006397
0	7708	1898.533807060348	0.109442929289
0	7712	1899.020017807172	0.012850694148
0	7716	1899.468210817576	0.072738165361
0	7720	1900.925294272578	0.132312351247
0	7726	1902.326923379933	0.236445498019
0	7730	1902.443606989585	0.332797196164
0	7732	1902.456063606426	0.030401957711
0	7736	1902.72495167382	0.258912376162
0	7740	1904.632602561258	0.12596655522
0	7744	1906.645413788124	0.100094941135
0	7748	1908.187023411493	0.080754805747
0	7752	1909.455955078333	0.021670387739
0	7756	1910.136001409482	0.165657818139
0	7760	1910.603697664221	0.063565879635
0	7764	1916.553151937268	0.296858507883
0	7768	1918.116527775624	0.119632367919
0	7772	1918.799037454228	0.041519349467
0	7776	1922.576282043705	0.019671644229
0	7780	1925.481842810969	0.074783374705
0	7784	1926.93068299959	0.028073341111
0	7788	1927.544298210568	0.263446942444
0	7792	1927.907142508722	0.009197787669
0	7796	1928.130675809522	0.096301149185
0	7800	1929.195145555273	0.158845050765
0	7804	1930.224152339299	0.006879528214
0	7808	1930.480774227035	0.164990227129
0	7812	1932.104958835067	0.130830510462
0	7816	1932.679258315457	0.020755664727
0	7820	1934.529486606213	0.192909416832
0	7824	1934.872164223799	0.002694989344
0	7828	1936.286414731245	0.110900844323
0	7832	1936.804986864801	0.473312697077
0	7836	1939.602316890893	0.136858238986
0	7840	1940.636504936756	0.008620066784
0	7844	1940.879230619331	0.098484881381
0	7848	1944.240780863848	0.046413157165
0	7852	1945.459973865115	0.059601203983
0	7856	1946.884638255495	0.005166056447
0	7860	1948.200285653628	0.08597221549
0	7864	1949.688716470862	0.151257226179
0	7868	1950.660249175657	0.108150642976
0	7872	1951.127421575545	0.040321120947
0	7876	1952.136401029775	0.129455668102
0	7880	1954.249712494872	0.05170373099
0	7884	1955.925403791875	0.130185191638
0	7888	1956.072103670685	0.03473150342
0	7892	1956.208254350625	0.01407775184
0	7898	1956.902673115141	0.430726122365
0	7902	1957.167800928325	0.409200227975
0	7904	1957.222722341002	0.148067006883
0	7908	1957.510724906288	0.018525897447
0	7912	1959.129095870039	0.004957457513
0	7916	1959.483351598424	0.032570195434
0	7920	1959.748864790654	0.133042822949
0	7924	1960.166219887172	0.210721440462
0	7928	1963.716975705013	0.135223674677
0	7932	1963.825648761747	0.061106167762
0	7938	1964.523327287377	0.082609652603
0	7940	1964.546030351641	0.031859870783
0	7944	1965.068110096768	0.038016810377
0	7948	1966.160516711373	0.116091602908
0	7952	1967.67478666733	0.087087736118
0	7956	1969.752140921537	0.018237166907
0	7960	1970.193080676407	0.023216164495
0	7964	1970.741779033725	0.180287474782
0	7968	1972.174014080128	0.174044846092
0	7972	1973.87531600193	0.023499598005
0	7976	1974.743586292656	0.013430628627
0	7980	1975.378583824671	0.060584022638
0	7984	1975.619009261344	0.057182878061
0	7988	1976.866577644755	0.039516263922
0	7992	1978.737223091694	0.146290583097
0	7996	1980.077514994674	0.027385588574
0	8002	1983.030761420956	0.109842419573
0	8004	1983.097352730861	0.138425933084
0	8008	1983.611270461783	0.064084412469
0	8012	1985.03462120871	0.185651714191
0	8016	1986.343904592323	0.271874033631
0	8020	1986.645688329633	0.029130098741
0	8024	1988.036833812854	0.031384650152
0	8028	1988.902662843518	0.015867148032
0	8032	1989.983052096977	0.196183666693
0	8036	1991.042242507061	0.192010529958
0	8040	1991.695883166825	0.109058978535
0	8044	1993.685002800174	0.306114886841
0	8048	1994.245629457605	0.010401194684
0	8052	1994.439667120021	0.00214905749
0	8056	1995.273317553938	0.082520785688
0	8060	1996.533658199306	0.023118471006
0	8064	1999.807300285599	0.01149236906

